84 96 78 87 68 68 6 52 69 86 80 56 28 6 11
100 79 3 48 36 10 78 21 77 29 14 5 14 83 26
51 63 60 76 80 59 44 97 18 26 31 37 80 66 79
55 73 78 44 20 69 63 96 15 54 76 9 68 10 7
14 46 7 63 12 63 98 38 14 33 15 50 21 60 22
90 78 10 45 50 79 97 42 87 66 53 48 85 82 97
17 85 92 29 58 31 80 89 61 82 47 94 88 65 55
21 22 91 6 13 63 18 63 4 26 72 17 63 55 40
61 90 61 7 97 92 23 25 71 58 79 38 93 42 1
81 95 78 12 52 10 46 18 23 34 92 68 23 52 32
55 51 38 82 33 97 89 94 90 56 67 35 81 81 44
66 81 43 100 13 2 71 88 20 73 77 5 90 80 26
80 85 78 97 25 80 17 38 59 28 95 75 95 46 10
71 53 23 51 12 2 55 74 97 80 96 82 94 20 45
77 87 98 44 18 61 23 21 7 14 15 56 73 19 81
