1 2 2 3 4 5 5 6 6 6 7 7 7 7 9 
14 14 14 14 13 13 12 12 12 11 10 10 10 10 10 
14 15 15 15 17 17 17 18 18 18 18 19 20 20 20 
26 26 25 25 23 23 23 23 23 22 22 21 21 21 21 
26 26 28 28 29 29 31 31 32 33 33 34 35 36 37 
46 45 45 44 44 44 44 43 42 42 40 38 38 38 38 
46 46 47 48 48 50 50 51 51 51 52 52 52 53 53 
60 60 59 59 58 58 56 56 56 55 55 55 55 55 54 
61 61 61 61 63 63 63 63 63 63 63 65 66 66 66 
74 73 73 73 72 71 71 71 69 69 68 68 68 68 67 
75 76 76 77 77 77 78 78 78 78 78 78 79 79 79 
82 81 81 81 81 81 80 80 80 80 80 80 80 80 79 
82 82 82 83 84 85 85 85 86 87 87 87 88 88 89 
95 95 94 94 94 93 92 92 92 91 90 90 90 90 89 
95 96 96 96 97 97 97 97 97 97 97 98 98 100 100 
